0.000000
0.033333
0.066667
0.100000
0.133333
0.166667
0.200000
0.233333
0.266667
0.300000
0.333333
0.366667
0.400000
0.433333
0.466667
0.500000
0.533333
0.566667
0.600000
0.633333
0.666667
0.700000
0.733333
0.766667
0.800000
0.833333
0.866667
0.900000
0.933333
0.966667
1.000000
1.033333
1.066667
1.100000
1.133333
1.166667
1.200000
1.233333
1.266667
1.300000
1.333333
1.366667
1.400000
1.433333
1.466667
1.500000
1.533333
1.566667
1.600000
1.633333
1.666667
1.700000
1.733333
1.766667
1.800000
1.833333
1.866667
1.900000
1.933333
1.966667
2.000000
2.033333
2.066667
2.100000
2.133333
2.166667
2.200000
2.233333
2.266667
2.300000
2.333333
2.366667
2.400000
2.433333
2.466667
2.500000
2.533333
2.566667
2.600000
2.633333
2.666667
2.700000
2.733333
2.766667
2.800000
2.833333
2.866667
2.900000
2.933333
2.966667
3.000000
3.033333
3.066667
3.100000
3.133333
3.166667
3.200000
3.233333
3.266667
3.300000
3.333333
3.366667
3.400000
3.433333
3.466667
3.500000
3.533333
3.566667
3.600000
3.633333
3.666667
3.700000
3.733333
3.766667
3.800000
3.833333
3.866667
3.900000
3.933333
3.966667
4.000000
4.033333
4.066667
4.100000
4.133333
4.166667
4.200000
4.233333
4.266667
4.300000
4.333333
4.366667
4.400000
4.433333
4.466667
4.500000
4.533333
4.566667
4.600000
4.633333
4.666667
4.700000
4.733333
4.766667
4.800000
4.833333
4.866667
4.900000
4.933333
4.966667
5.000000
5.033333
5.066667
5.100000
5.133333
5.166667
5.200000
5.233333
5.266667
5.300000
5.333333
5.366667
5.400000
5.433333
5.466667
5.500000
5.533333
5.566667
5.600000
5.633333
5.666667
5.700000
5.733333
5.766667
5.800000
5.833333
5.866667
5.900000
5.933333
5.966667
6.000000
6.033333
6.066667
6.100000
6.133333
6.166667
6.200000
6.233333
6.266667
6.300000
6.333333
6.366667
6.400000
6.433333
6.466667
6.500000
6.533333
6.566667
6.600000
6.633333
6.666667
6.700000
6.733333
6.766667
6.800000
6.833333
6.866667
6.900000
6.933333
6.966667
7.000000
7.033333
7.066667
7.100000
7.133333
7.166667
7.200000
7.233333
7.266667
7.300000
7.333333
7.366667
7.400000
7.433333
7.466667
7.500000
7.533333
7.566667
7.600000
7.633333
7.666667
7.700000
7.733333
7.766667
7.800000
7.833333
7.866667
7.900000
7.933333
7.966667
8.000000
8.033333
8.066667
8.100000
8.133333
8.166667
8.200000
8.233333
8.266667
8.300000
8.333333
8.366667
8.400000
8.433333
8.466667
8.500000
8.533333
8.566667
8.600000
8.633333
8.666667
8.700000
8.733333
8.766667
8.800000
8.833333
8.866667
8.900000
8.933333
8.966667
9.000000
9.033333
9.066667
9.100000
9.133333
9.166667
9.200000
9.233333
9.266667
9.300000
9.333333
9.366667
9.400000
9.433333
9.466667
9.500000
9.533333
9.566667
9.600000
9.633333
9.666667
9.700000
9.733333
9.766667
9.800000
9.833333
9.866667
9.900000
9.933333
9.966667
10.000000
10.033333
10.066667
10.100000
10.133333
10.166667
10.200000
10.233333
10.266667
10.300000
10.333333
10.366667
10.400000
10.433333
10.466667
10.500000
10.533333
10.566667
10.600000
10.633333
10.666667
10.700000
10.733333
10.766667
10.800000
10.833333
10.866667
10.900000
10.933333
10.966667
11.000000
11.033333
11.066667
11.100000
11.133333
11.166667
11.200000
11.233333
11.266667
11.300000
11.333333
11.366667
11.400000
11.433333
11.466667
11.500000
11.533333
11.566667
11.600000
11.633333
11.666667
11.700000
11.733333
11.766667
11.800000
11.833333
11.866667
11.900000
11.933333
11.966667
12.000000
12.033333
12.066667
12.100000
12.133333
12.166667
12.200000
12.233333
12.266667
12.300000
12.333333
12.366667
12.400000
12.433333
12.466667
12.500000
12.533333
12.566667
12.600000
12.633333
12.666667
12.700000
12.733333
12.766667
12.800000
12.833333
12.866667
12.900000
12.933333
12.966667
13.000000
13.033333
13.066667
13.100000
13.133333
13.166667
13.200000
13.233333
13.266667
13.300000
13.333333
13.366667
13.400000
13.433333
13.466667
13.500000
13.533333
13.566667
13.600000
13.633333
13.666667
13.700000
13.733333
13.766667
13.800000
13.833333
13.866667
13.900000
13.933333
13.966667
14.000000
14.033333
14.066667
14.100000
14.133333
14.166667
14.200000
14.233333
14.266667
14.300000
14.333333
14.366667
14.400000
14.433333
14.466667
14.500000
14.533333
14.566667
14.600000
14.633333
14.666667
14.700000
14.733333
14.766667
14.800000
14.833333
14.866667
14.900000
14.933333
14.966667
15.000000
15.033333
15.066667
15.100000
15.133333
15.166667
15.200000
15.233333
15.266667
15.300000
15.333333
15.366667
15.400000
15.433333
15.466667
15.500000
15.533333
15.566667
15.600000
15.633333
15.666667
15.700000
15.733333
15.766667
15.800000
15.833333
15.866667
15.900000
15.933333
15.966667
16.000000
16.033333
16.066667
16.100000
16.133333
16.166667
16.200000
16.233333
16.266667
16.300000
16.333333
16.366667
16.400000
16.433333
16.466667
16.500000
16.533333
16.566667
16.600000
16.633333
16.666667
16.700000
16.733333
16.766667
16.800000
16.833333
16.866667
16.900000
16.933333
16.966667
17.000000
17.033333
17.066667
17.100000
17.133333
17.166667
17.200000
17.233333
17.266667
